V 54
K 1
D 0 -2794000 3048000 1524000
Y 1
U 2667000 1524000 254000 0 2 3 REFDES=IC?
U 2667000 1270000 254000 0 2 3 DEVICE=FD6288Q
U 2667000 1016000 254000 0 2 0 PKG_TYPE=QFN50P400X400X90-25N-D
U 2667000 762000 254000 0 2 0 Description=QFN-24 MOS Drivers RoHS
U 2667000 508000 254000 0 2 0 Datasheet Link=https://datasheet.lcsc.com/szlcsc/1811131655_Fortior-Tech-FD6288Q_C328453.pdf
U 2667000 254000 254000 0 2 0 Height=0.9
U 2667000 0 254000 0 2 0 Manufacturer_Name=Fortior Tech
U 2667000 -254000 254000 0 2 0 Manufacturer_Part_Number=FD6288Q
U 2667000 -508000 254000 0 2 0 Mouser Part Number=
U 2667000 -762000 254000 0 2 0 Mouser Price/Stock=
U 2667000 -1016000 254000 0 2 0 Arrow Part Number=
U 2667000 -1270000 254000 0 2 0 Arrow Price/Stock=
U 0 0 254000 0 1 0 FORWARD_PCB=1
l 5 508000 1016000 2540000 1016000 2540000 -2286000 508000 -2286000 508000 1016000
|GRPHSTL -1 -1 -1 1
P 1 0 0 508000 0 0 2 0
L 584200 0 228600 0 2 0 1 0 LIN1
A 355600 50800 203200 0 9 3 #=1
A 0 0 9 0 3 0 PINTYPE=BI
P 2 0 -254000 508000 -254000 0 2 0
L 584200 -254000 228600 0 2 0 1 0 LIN2
A 355600 -203200 203200 0 9 3 #=2
A 0 0 9 0 3 0 PINTYPE=BI
P 3 0 -508000 508000 -508000 0 2 0
L 584200 -508000 228600 0 2 0 1 0 LIN3
A 355600 -457200 203200 0 9 3 #=3
A 0 0 9 0 3 0 PINTYPE=BI
P 4 0 -762000 508000 -762000 0 2 0
L 584200 -762000 228600 0 2 0 1 0 VCC
A 355600 -711200 203200 0 9 3 #=4
A 0 0 9 0 3 0 PINTYPE=BI
P 5 0 -1016000 508000 -1016000 0 2 0
L 584200 -1016000 228600 0 2 0 1 0 NC_1
A 355600 -965200 203200 0 9 3 #=5
A 0 0 9 0 3 0 PINTYPE=BI
P 6 0 -1270000 508000 -1270000 0 2 0
L 584200 -1270000 228600 0 2 0 1 0 COM
A 355600 -1219200 203200 0 9 3 #=6
A 0 0 9 0 3 0 PINTYPE=BI
P 7 762000 -2794000 762000 -2286000 0 1 0
L 762000 -2209800 228600 1 2 0 1 0 NC_2
A 711200 -2438400 203200 1 9 3 #=7
A 0 0 9 0 3 0 PINTYPE=BI
P 8 1016000 -2794000 1016000 -2286000 0 1 0
L 1016000 -2209800 228600 1 2 0 1 0 NC_3
A 965200 -2438400 203200 1 9 3 #=8
A 0 0 9 0 3 0 PINTYPE=BI
P 9 1270000 -2794000 1270000 -2286000 0 1 0
L 1270000 -2209800 228600 1 2 0 1 0 LO3
A 1219200 -2438400 203200 1 9 3 #=9
A 0 0 9 0 3 0 PINTYPE=BI
P 10 1524000 -2794000 1524000 -2286000 0 1 0
L 1524000 -2209800 228600 1 2 0 1 0 LO2
A 1473200 -2438400 203200 1 9 3 #=10
A 0 0 9 0 3 0 PINTYPE=BI
P 11 1778000 -2794000 1778000 -2286000 0 1 0
L 1778000 -2209800 228600 1 2 0 1 0 LO1
A 1727200 -2438400 203200 1 9 3 #=11
A 0 0 9 0 3 0 PINTYPE=BI
P 12 2032000 -2794000 2032000 -2286000 0 1 0
L 2032000 -2209800 228600 1 2 0 1 0 VS3
A 1981200 -2438400 203200 1 9 3 #=12
A 0 0 9 0 3 0 PINTYPE=BI
P 13 3048000 0 2540000 0 0 3 0
L 2463800 0 228600 0 8 0 1 0 VS1
A 2692400 50800 203200 0 3 3 #=18
A 0 0 9 0 3 0 PINTYPE=BI
P 14 3048000 -254000 2540000 -254000 0 3 0
L 2463800 -254000 228600 0 8 0 1 0 VB2
A 2692400 -203200 203200 0 3 3 #=17
A 0 0 9 0 3 0 PINTYPE=BI
P 15 3048000 -508000 2540000 -508000 0 3 0
L 2463800 -508000 228600 0 8 0 1 0 HO2
A 2692400 -457200 203200 0 3 3 #=16
A 0 0 9 0 3 0 PINTYPE=BI
P 16 3048000 -762000 2540000 -762000 0 3 0
L 2463800 -762000 228600 0 8 0 1 0 VS2
A 2692400 -711200 203200 0 3 3 #=15
A 0 0 9 0 3 0 PINTYPE=BI
P 17 3048000 -1016000 2540000 -1016000 0 3 0
L 2463800 -1016000 228600 0 8 0 1 0 VB3
A 2692400 -965200 203200 0 3 3 #=14
A 0 0 9 0 3 0 PINTYPE=BI
P 18 3048000 -1270000 2540000 -1270000 0 3 0
L 2463800 -1270000 228600 0 8 0 1 0 HO3
A 2692400 -1219200 203200 0 3 3 #=13
A 0 0 9 0 3 0 PINTYPE=BI
P 19 762000 1524000 762000 1016000 0 0 0
L 762000 939800 228600 1 8 0 1 0 EP
A 711200 1168400 203200 1 3 3 #=25
A 0 0 9 0 3 0 PINTYPE=BI
P 20 1016000 1524000 1016000 1016000 0 0 0
L 1016000 939800 228600 1 8 0 1 0 HIN3
A 965200 1168400 203200 1 3 3 #=24
A 0 0 9 0 3 0 PINTYPE=BI
P 21 1270000 1524000 1270000 1016000 0 0 0
L 1270000 939800 228600 1 8 0 1 0 HIN2
A 1219200 1168400 203200 1 3 3 #=23
A 0 0 9 0 3 0 PINTYPE=BI
P 22 1524000 1524000 1524000 1016000 0 0 0
L 1524000 939800 228600 1 8 0 1 0 HIN1
A 1473200 1168400 203200 1 3 3 #=22
A 0 0 9 0 3 0 PINTYPE=BI
P 23 1778000 1524000 1778000 1016000 0 0 0
L 1778000 939800 228600 1 8 0 1 0 NC_4
A 1727200 1168400 203200 1 3 3 #=21
A 0 0 9 0 3 0 PINTYPE=BI
P 24 2032000 1524000 2032000 1016000 0 0 0
L 2032000 939800 228600 1 8 0 1 0 VB1
A 1981200 1168400 203200 1 3 3 #=20
A 0 0 9 0 3 0 PINTYPE=BI
P 25 2286000 1524000 2286000 1016000 0 0 0
L 2286000 939800 228600 1 8 0 1 0 HO1
A 2235200 1168400 203200 1 3 3 #=19
A 0 0 9 0 3 0 PINTYPE=BI
E
