V 54
K 1
D 0 -762000 3810000 0
Y 1
U 3429000 762000 254000 0 2 3 REFDES=Q?
U 3429000 508000 254000 0 2 3 DEVICE=TPC8107
U 3429000 254000 254000 0 2 0 PKG_TYPE=SOIC127P600X190-8N
U 3429000 0 254000 0 2 0 Description=MOSFET MOSFET P-Ch 30V 13A Rdson=0.007Ohm
U 3429000 -254000 254000 0 2 0 Datasheet Link=https://datasheetspdf.com/pdf-file/312202/ToshibaSemiconductor/TPC8107/1
U 3429000 -508000 254000 0 2 0 Height=1.9
U 3429000 -762000 254000 0 2 0 Manufacturer_Name=Toshiba
U 3429000 -1016000 254000 0 2 0 Manufacturer_Part_Number=TPC8107
U 3429000 -1270000 254000 0 2 0 Mouser Part Number=
U 3429000 -1524000 254000 0 2 0 Mouser Price/Stock=
U 3429000 -1778000 254000 0 2 0 Arrow Part Number=
U 3429000 -2032000 254000 0 2 0 Arrow Price/Stock=
U 0 0 254000 0 1 0 FORWARD_PCB=1
l 5 508000 254000 3302000 254000 3302000 -1016000 508000 -1016000 508000 254000
|GRPHSTL -1 -1 -1 1
P 1 0 0 508000 0 0 2 0
L 584200 0 228600 0 2 0 1 0 SOURCE_1
A 355600 50800 203200 0 9 3 #=1
A 0 0 9 0 3 0 PINTYPE=BI
P 2 0 -254000 508000 -254000 0 2 0
L 584200 -254000 228600 0 2 0 1 0 SOURCE_2
A 355600 -203200 203200 0 9 3 #=2
A 0 0 9 0 3 0 PINTYPE=BI
P 3 0 -508000 508000 -508000 0 2 0
L 584200 -508000 228600 0 2 0 1 0 SOURCE_3
A 355600 -457200 203200 0 9 3 #=3
A 0 0 9 0 3 0 PINTYPE=BI
P 4 0 -762000 508000 -762000 0 2 0
L 584200 -762000 228600 0 2 0 1 0 GATE
A 355600 -711200 203200 0 9 3 #=4
A 0 0 9 0 3 0 PINTYPE=BI
P 5 3810000 0 3302000 0 0 3 0
L 3225800 0 228600 0 8 0 1 0 DRAIN_4
A 3454400 50800 203200 0 3 3 #=8
A 0 0 9 0 3 0 PINTYPE=BI
P 6 3810000 -254000 3302000 -254000 0 3 0
L 3225800 -254000 228600 0 8 0 1 0 DRAIN_3
A 3454400 -203200 203200 0 3 3 #=7
A 0 0 9 0 3 0 PINTYPE=BI
P 7 3810000 -508000 3302000 -508000 0 3 0
L 3225800 -508000 228600 0 8 0 1 0 DRAIN_2
A 3454400 -457200 203200 0 3 3 #=6
A 0 0 9 0 3 0 PINTYPE=BI
P 8 3810000 -762000 3302000 -762000 0 3 0
L 3225800 -762000 228600 0 8 0 1 0 DRAIN_1
A 3454400 -711200 203200 0 3 3 #=5
A 0 0 9 0 3 0 PINTYPE=BI
E
