V 54
K 1
D 0 -1016000 2540000 0
Y 1
U 2159000 762000 254000 0 2 3 REFDES=Q?
U 2159000 508000 254000 0 2 3 DEVICE=FDMC8010
U 2159000 254000 254000 0 2 0 PKG_TYPE=FDMC8010
U 2159000 0 254000 0 2 0 Description=Max RDS(on) = 1.3 m at VGS = 10 V, ID = 30 A; Max RDS(on) = 1.8 m at VGS = 4.5 V, ID = 25 A; High performance technology for extremely low RDS(on); Termination is Lead-free and RoHS Compliant
U 2159000 -254000 254000 0 2 0 Datasheet Link=https://www.onsemi.com/pub/Collateral/FDMC8010-D.PDF
U 2159000 -508000 254000 0 2 0 Height=0.8
U 2159000 -762000 254000 0 2 0 Manufacturer_Name=onsemi
U 2159000 -1016000 254000 0 2 0 Manufacturer_Part_Number=FDMC8010
U 2159000 -1270000 254000 0 2 0 Mouser Part Number=512-FDMC8010
U 2159000 -1524000 254000 0 2 0 Mouser Price/Stock=https://www.mouser.co.uk/ProductDetail/onsemi-Fairchild/FDMC8010?qs=BiJXFBt7cx1GJPIblT9OBw%3D%3D
U 2159000 -1778000 254000 0 2 0 Arrow Part Number=FDMC8010
U 2159000 -2032000 254000 0 2 0 Arrow Price/Stock=https://www.arrow.com/en/products/fdmc8010/on-semiconductor?region=nac
U 0 0 254000 0 1 0 FORWARD_PCB=1
l 5 508000 254000 2032000 254000 2032000 -1270000 508000 -1270000 508000 254000
|GRPHSTL -1 -1 -1 1
P 1 0 0 508000 0 0 2 0
L 584200 0 228600 0 2 0 1 0 S_1
A 355600 50800 203200 0 9 3 #=1
A 0 0 9 0 3 0 PINTYPE=BI
P 2 0 -254000 508000 -254000 0 2 0
L 584200 -254000 228600 0 2 0 1 0 S_2
A 355600 -203200 203200 0 9 3 #=2
A 0 0 9 0 3 0 PINTYPE=BI
P 3 0 -508000 508000 -508000 0 2 0
L 584200 -508000 228600 0 2 0 1 0 S_3
A 355600 -457200 203200 0 9 3 #=3
A 0 0 9 0 3 0 PINTYPE=BI
P 4 0 -762000 508000 -762000 0 2 0
L 584200 -762000 228600 0 2 0 1 0 G
A 355600 -711200 203200 0 9 3 #=4
A 0 0 9 0 3 0 PINTYPE=BI
P 5 0 -1016000 508000 -1016000 0 2 0
L 584200 -1016000 228600 0 2 0 1 0 D_1
A 355600 -965200 203200 0 9 3 #=5
A 0 0 9 0 3 0 PINTYPE=BI
P 6 2540000 0 2032000 0 0 3 0
L 1955800 0 228600 0 8 0 1 0 D_2
A 2184400 50800 203200 0 3 3 #=6
A 0 0 9 0 3 0 PINTYPE=BI
P 7 2540000 -254000 2032000 -254000 0 3 0
L 1955800 -254000 228600 0 8 0 1 0 D_3
A 2184400 -203200 203200 0 3 3 #=7
A 0 0 9 0 3 0 PINTYPE=BI
P 8 2540000 -508000 2032000 -508000 0 3 0
L 1955800 -508000 228600 0 8 0 1 0 D_4
A 2184400 -457200 203200 0 3 3 #=8
A 0 0 9 0 3 0 PINTYPE=BI
P 9 2540000 -762000 2032000 -762000 0 3 0
L 1955800 -762000 228600 0 8 0 1 0 D_5
A 2184400 -711200 203200 0 3 3 #=9
A 0 0 9 0 3 0 PINTYPE=BI
E
