V 54
K 1
D 0 -762000 3302000 0
Y 1
U 2921000 762000 254000 0 2 3 REFDES=IC?
U 2921000 508000 254000 0 2 3 DEVICE=bmp280
U 2921000 254000 254000 0 2 0 PKG_TYPE=8-PIN-METAL-LID-LGA
U 2921000 0 254000 0 2 0 Description=Digital Pressure Sensor
U 2921000 -254000 254000 0 2 0 Datasheet Link=https://datasheet.datasheetarchive.com/originals/distributors/DKDS-24/462913.pdf
U 2921000 -508000 254000 0 2 0 Height=
U 2921000 -762000 254000 0 2 0 Manufacturer_Name=BOSCH
U 2921000 -1016000 254000 0 2 0 Manufacturer_Part_Number=bmp280
U 2921000 -1270000 254000 0 2 0 Mouser Part Number=262-BMP280
U 2921000 -1524000 254000 0 2 0 Mouser Price/Stock=https://www.mouser.co.uk/ProductDetail/Bosch-Sensortec/BMP280?qs=QhAb4EtQfbUP9Z%252BCHM3Wyg%3D%3D
U 2921000 -1778000 254000 0 2 0 Arrow Part Number=BMP280
U 2921000 -2032000 254000 0 2 0 Arrow Price/Stock=https://www.arrow.com/en/products/bmp280/bosch?region=nac
U 0 0 254000 0 1 0 FORWARD_PCB=1
l 5 508000 254000 2794000 254000 2794000 -1016000 508000 -1016000 508000 254000
|GRPHSTL -1 -1 -1 1
P 1 3302000 0 2794000 0 0 3 0
L 2717800 0 228600 0 8 0 1 0 GND_1
A 2946400 50800 203200 0 3 3 #=1
A 0 0 9 0 3 0 PINTYPE=GROUND
P 2 3302000 -254000 2794000 -254000 0 3 0
L 2717800 -254000 228600 0 8 0 1 0 CSB
A 2946400 -203200 203200 0 3 3 #=2
A 0 0 9 0 3 0 PINTYPE=IN
P 3 3302000 -508000 2794000 -508000 0 3 0
L 2717800 -508000 228600 0 8 0 1 0 SDI
A 2946400 -457200 203200 0 3 3 #=3
A 0 0 9 0 3 0 PINTYPE=BI
P 4 3302000 -762000 2794000 -762000 0 3 0
L 2717800 -762000 228600 0 8 0 1 0 SCK
A 2946400 -711200 203200 0 3 3 #=4
A 0 0 9 0 3 0 PINTYPE=BI
P 5 0 -762000 508000 -762000 0 2 0
L 584200 -762000 228600 0 2 0 1 0 SDO
A 355600 -711200 203200 0 9 3 #=5
A 0 0 9 0 3 0 PINTYPE=BI
P 6 0 -508000 508000 -508000 0 2 0
L 584200 -508000 228600 0 2 0 1 0 VDDIO_1
A 355600 -457200 203200 0 9 3 #=6
A 0 0 9 0 3 0 PINTYPE=POWER
P 7 0 -254000 508000 -254000 0 2 0
L 584200 -254000 228600 0 2 0 1 0 GND_2
A 355600 -203200 203200 0 9 3 #=7
A 0 0 9 0 3 0 PINTYPE=GROUND
P 8 0 0 508000 0 0 2 0
L 584200 0 228600 0 2 0 1 0 VDDIO_2
A 355600 50800 203200 0 9 3 #=8
A 0 0 9 0 3 0 PINTYPE=POWER
E
