V 54
K 1
D 0 -3048000 5080000 1524000
Y 1
U 4699000 1524000 254000 0 2 3 REFDES=IC?
U 4699000 1270000 254000 0 2 3 DEVICE=STM32G071G8U6
U 4699000 1016000 254000 0 2 0 PKG_TYPE=QFN50P400X400X60-28N-D
U 4699000 762000 254000 0 2 0 Description=Arm Cortex-M0+ 32-bit MCU, up to 128 KB Flash, 36 KB RAM, 4x USART, timers, ADC, DAC, comm. I/Fs, 1.7-3.6V
U 4699000 508000 254000 0 2 0 Datasheet Link=https://www.st.com/resource/en/datasheet/stm32g071c8.pdf
U 4699000 254000 254000 0 2 0 Height=0.6
U 4699000 0 254000 0 2 0 Manufacturer_Name=STMicroelectronics
U 4699000 -254000 254000 0 2 0 Manufacturer_Part_Number=STM32G071G8U6
U 4699000 -508000 254000 0 2 0 Mouser Part Number=511-STM32G071G8U6
U 4699000 -762000 254000 0 2 0 Mouser Price/Stock=https://www.mouser.co.uk/ProductDetail/STMicroelectronics/STM32G071G8U6?qs=l7cgNqFNU1h6sPpCoQAi5w%3D%3D
U 4699000 -1016000 254000 0 2 0 Arrow Part Number=STM32G071G8U6
U 4699000 -1270000 254000 0 2 0 Arrow Price/Stock=https://www.arrow.com/en/products/stm32g071g8u6/stmicroelectronics.html?utm_currency=USD&region=nac
U 0 0 254000 0 1 0 FORWARD_PCB=1
l 5 508000 1016000 4572000 1016000 4572000 -2540000 508000 -2540000 508000 1016000
|GRPHSTL -1 -1 -1 1
P 1 0 0 508000 0 0 2 0
L 584200 0 228600 0 2 0 1 0 PC14-OSC32_IN
A 355600 50800 203200 0 9 3 #=1
A 0 0 9 0 3 0 PINTYPE=BI
P 2 0 -254000 508000 -254000 0 2 0
L 584200 -254000 228600 0 2 0 1 0 PC15-OSC32_OUT
A 355600 -203200 203200 0 9 3 #=2
A 0 0 9 0 3 0 PINTYPE=BI
P 3 0 -508000 508000 -508000 0 2 0
L 584200 -508000 228600 0 2 0 1 0 VDD/VDDA
A 355600 -457200 203200 0 9 3 #=3
A 0 0 9 0 3 0 PINTYPE=BI
P 4 0 -762000 508000 -762000 0 2 0
L 584200 -762000 228600 0 2 0 1 0 VSS/VSSA
A 355600 -711200 203200 0 9 3 #=4
A 0 0 9 0 3 0 PINTYPE=BI
P 5 0 -1016000 508000 -1016000 0 2 0
L 584200 -1016000 228600 0 2 0 1 0 PF2-NRST
A 355600 -965200 203200 0 9 3 #=5
A 0 0 9 0 3 0 PINTYPE=BI
P 6 0 -1270000 508000 -1270000 0 2 0
L 584200 -1270000 228600 0 2 0 1 0 PA0
A 355600 -1219200 203200 0 9 3 #=6
A 0 0 9 0 3 0 PINTYPE=BI
P 7 0 -1524000 508000 -1524000 0 2 0
L 584200 -1524000 228600 0 2 0 1 0 PA1
A 355600 -1473200 203200 0 9 3 #=7
A 0 0 9 0 3 0 PINTYPE=BI
P 8 1778000 -3048000 1778000 -2540000 0 1 0
L 1778000 -2463800 228600 1 2 0 1 0 PA2
A 1727200 -2692400 203200 1 9 3 #=8
A 0 0 9 0 3 0 PINTYPE=BI
P 9 2032000 -3048000 2032000 -2540000 0 1 0
L 2032000 -2463800 228600 1 2 0 1 0 PA3
A 1981200 -2692400 203200 1 9 3 #=9
A 0 0 9 0 3 0 PINTYPE=BI
P 10 2286000 -3048000 2286000 -2540000 0 1 0
L 2286000 -2463800 228600 1 2 0 1 0 PA4
A 2235200 -2692400 203200 1 9 3 #=10
A 0 0 9 0 3 0 PINTYPE=BI
P 11 2540000 -3048000 2540000 -2540000 0 1 0
L 2540000 -2463800 228600 1 2 0 1 0 PA5
A 2489200 -2692400 203200 1 9 3 #=11
A 0 0 9 0 3 0 PINTYPE=BI
P 12 2794000 -3048000 2794000 -2540000 0 1 0
L 2794000 -2463800 228600 1 2 0 1 0 PA6
A 2743200 -2692400 203200 1 9 3 #=12
A 0 0 9 0 3 0 PINTYPE=BI
P 13 3048000 -3048000 3048000 -2540000 0 1 0
L 3048000 -2463800 228600 1 2 0 1 0 PA7
A 2997200 -2692400 203200 1 9 3 #=13
A 0 0 9 0 3 0 PINTYPE=BI
P 14 3302000 -3048000 3302000 -2540000 0 1 0
L 3302000 -2463800 228600 1 2 0 1 0 PB0
A 3251200 -2692400 203200 1 9 3 #=14
A 0 0 9 0 3 0 PINTYPE=BI
P 15 5080000 0 4572000 0 0 3 0
L 4495800 0 228600 0 8 0 1 0 PA14-BOOT0
A 4724400 50800 203200 0 3 3 #=21
A 0 0 9 0 3 0 PINTYPE=BI
P 16 5080000 -254000 4572000 -254000 0 3 0
L 4495800 -254000 228600 0 8 0 1 0 PA13
A 4724400 -203200 203200 0 3 3 #=20
A 0 0 9 0 3 0 PINTYPE=BI
P 17 5080000 -508000 4572000 -508000 0 3 0
L 4495800 -508000 228600 0 8 0 1 0 PA12_[PA10]
A 4724400 -457200 203200 0 3 3 #=19
A 0 0 9 0 3 0 PINTYPE=BI
P 18 5080000 -762000 4572000 -762000 0 3 0
L 4495800 -762000 228600 0 8 0 1 0 PA11_[PA9]
A 4724400 -711200 203200 0 3 3 #=18
A 0 0 9 0 3 0 PINTYPE=BI
P 19 5080000 -1016000 4572000 -1016000 0 3 0
L 4495800 -1016000 228600 0 8 0 1 0 PC6
A 4724400 -965200 203200 0 3 3 #=17
A 0 0 9 0 3 0 PINTYPE=BI
P 20 5080000 -1270000 4572000 -1270000 0 3 0
L 4495800 -1270000 228600 0 8 0 1 0 PA8
A 4724400 -1219200 203200 0 3 3 #=16
A 0 0 9 0 3 0 PINTYPE=BI
P 21 5080000 -1524000 4572000 -1524000 0 3 0
L 4495800 -1524000 228600 0 8 0 1 0 PB1
A 4724400 -1473200 203200 0 3 3 #=15
A 0 0 9 0 3 0 PINTYPE=BI
P 22 1778000 1524000 1778000 1016000 0 0 0
L 1778000 939800 228600 1 8 0 1 0 PB8
A 1727200 1168400 203200 1 3 3 #=28
A 0 0 9 0 3 0 PINTYPE=BI
P 23 2032000 1524000 2032000 1016000 0 0 0
L 2032000 939800 228600 1 8 0 1 0 PB7
A 1981200 1168400 203200 1 3 3 #=27
A 0 0 9 0 3 0 PINTYPE=BI
P 24 2286000 1524000 2286000 1016000 0 0 0
L 2286000 939800 228600 1 8 0 1 0 PB6
A 2235200 1168400 203200 1 3 3 #=26
A 0 0 9 0 3 0 PINTYPE=BI
P 25 2540000 1524000 2540000 1016000 0 0 0
L 2540000 939800 228600 1 8 0 1 0 PB5
A 2489200 1168400 203200 1 3 3 #=25
A 0 0 9 0 3 0 PINTYPE=BI
P 26 2794000 1524000 2794000 1016000 0 0 0
L 2794000 939800 228600 1 8 0 1 0 PB4
A 2743200 1168400 203200 1 3 3 #=24
A 0 0 9 0 3 0 PINTYPE=BI
P 27 3048000 1524000 3048000 1016000 0 0 0
L 3048000 939800 228600 1 8 0 1 0 PB3
A 2997200 1168400 203200 1 3 3 #=23
A 0 0 9 0 3 0 PINTYPE=BI
P 28 3302000 1524000 3302000 1016000 0 0 0
L 3302000 939800 228600 1 8 0 1 0 PA15
A 3251200 1168400 203200 1 3 3 #=22
A 0 0 9 0 3 0 PINTYPE=BI
E
